6
1 65 72 70 70
2 51 75 63 62
3 61 72 70 70
4 63 71 67 65
5 68 70 65 60
6 75 45 90 90
5
1 80 80 50 50
2 70 70 50 50
3 70 70 50 50
4 50 50 50 90
5 50 50 90 50
99
1 45 46 47 48
2 45 46 47 48
3 45 46 47 48
4 45 46 47 48
5 45 46 47 48
6 45 46 47 48
7 45 46 47 48
8 45 46 47 48
9 45 46 47 48
10 45 46 47 48
11 45 46 47 48
12 45 46 47 48
13 45 46 47 48
14 45 46 47 48
15 45 46 47 48
16 45 46 47 48
17 45 46 47 48
18 45 46 47 48
19 45 46 47 48
20 45 46 47 48
21 45 46 47 48
22 45 46 47 48
23 45 46 47 48
24 45 46 47 48
25 45 46 47 48
26 45 46 47 48
27 45 46 47 48
28 45 46 47 48
29 45 46 47 48
30 45 46 47 48
31 45 46 47 48
32 45 46 47 48
33 45 46 47 48
34 45 46 47 48
35 45 46 47 48
36 45 46 47 48
37 45 46 47 48
38 45 46 47 48
39 45 46 47 48
40 45 46 47 48
41 45 46 47 48
42 45 46 47 48
43 45 46 47 48
44 45 46 47 48
45 45 46 47 48
46 45 46 47 48
47 45 46 47 48
48 45 46 47 48
49 45 46 47 48
50 45 46 47 48
51 45 46 47 48
52 45 46 47 48
53 45 46 47 48
54 45 46 47 48
55 45 46 47 48
56 45 46 47 48
57 45 46 47 48
58 45 46 47 48
59 45 46 47 48
60 45 46 47 48
61 45 46 47 48
62 45 46 47 48
63 45 46 47 48
64 45 46 47 48
65 45 46 47 48
66 45 46 47 48
67 45 46 47 48
68 45 46 47 48
69 45 46 47 48
70 45 46 47 48
71 45 46 47 48
72 45 46 47 48
73 45 46 47 48
74 45 46 47 48
75 45 46 47 48
76 45 46 47 48
77 45 46 47 48
78 45 46 47 48
79 45 46 47 48
80 45 46 47 48
81 45 46 47 48
82 45 46 47 48
83 45 46 47 48
84 45 46 47 48
85 45 46 47 48
86 45 46 47 48
87 45 46 47 48
88 45 46 47 48
89 45 46 47 48
90 45 46 47 48
91 45 46 47 48
92 45 46 47 48
93 45 46 47 48
94 45 46 47 48
95 45 46 47 48
96 55 56 57 98
97 98 56 57 58
98 55 99 57 58
99 55 56 97 58
5
1 70 72 81 52
2 70 72 81 53
3 56 83 91 55
4 90 90 90 90
5 52 85 63 85
5
1 89 90 53 90
2 90 89 62 99
3 95 95 52 85
4 90 90 52 90
5 52 85 53 85
10
1 89 90 53 90
2 90 89 62 99
3 95 95 52 85
4 90 90 52 90
5 52 85 53 85
6 89 90 53 90
7 90 89 62 99
8 95 95 52 85
9 90 90 52 90
10 52 85 53 85
0

